100
0.507 0.160 -0.847 1.000 0.000 0.000 1.000 0.618 0.618 -0.486 -0.786 0.489 -0.378 0.507 0.160 -0.847
0.771 0.084 -0.631 1.000 0.000 0.000 1.000 0.510 0.510 -0.692 -0.541 -0.435 -0.720 0.771 0.084 -0.631
0.880 0.342 -0.331 1.000 0.000 0.000 1.000 0.253 0.253 -0.934 0.299 -0.938 -0.173 0.880 0.342 -0.331
0.943 -0.024 -0.333 1.000 0.000 0.000 1.000 0.323 0.323 -0.890 -0.160 -0.908 -0.387 0.943 -0.024 -0.333
0.908 0.289 0.302 1.000 0.000 0.000 1.000 0.237 0.237 0.942 -0.244 0.953 -0.179 0.908 0.289 0.302
0.989 0.148 -0.016 1.000 0.000 0.000 1.000 0.014 0.014 -1.000 0.148 -0.989 -0.012 0.989 0.148 -0.016
0.858 0.513 0.020 1.000 0.000 0.000 1.000 0.014 0.014 1.000 -0.513 0.859 -0.005 0.858 0.513 0.020
0.922 -0.056 0.382 1.000 0.000 0.000 1.000 0.374 0.374 0.849 0.250 0.840 -0.481 0.922 -0.056 0.382
0.748 0.214 0.628 1.000 0.000 0.000 1.000 0.479 0.479 0.735 0.373 0.647 -0.665 0.748 0.214 0.628
0.307 0.932 0.191 1.000 0.000 0.000 1.000 0.151 0.151 0.977 -0.951 0.293 0.102 0.307 0.932 0.191
0.340 0.505 -0.793 1.000 0.000 0.000 1.000 0.565 0.565 -0.602 -0.483 0.817 0.314 0.340 0.505 -0.793
-0.492 -0.455 -0.743 1.000 0.000 0.000 1.000 0.525 0.525 0.669 -0.801 0.571 0.181 -0.492 -0.455 -0.743
0.659 0.444 -0.607 1.000 0.000 0.000 1.000 0.434 0.434 -0.789 0.302 -0.896 -0.326 0.659 0.444 -0.607
0.431 0.737 -0.521 1.000 0.000 0.000 1.000 0.378 0.378 -0.845 0.902 -0.355 0.245 0.431 0.737 -0.521
0.699 0.661 -0.273 1.000 0.000 0.000 1.000 0.193 0.193 -0.962 0.686 -0.728 -0.008 0.699 0.661 -0.273
-0.507 -0.160 0.847 1.000 0.000 0.000 1.000 0.618 0.618 -0.486 0.786 -0.489 0.378 -0.507 -0.160 0.847
0.841 -0.417 0.345 1.000 0.000 0.000 1.000 0.534 0.534 0.656 0.513 0.413 -0.753 0.841 -0.417 0.345
0.430 0.751 0.501 1.000 0.000 0.000 1.000 0.364 0.364 0.858 -0.903 0.364 0.228 0.430 0.751 0.501
0.492 0.455 0.743 1.000 0.000 0.000 1.000 0.525 0.525 0.669 0.801 -0.571 -0.181 0.492 0.455 0.743
0.182 0.306 0.934 1.000 0.000 0.000 1.000 0.663 0.663 0.347 0.674 -0.731 0.108 0.182 0.306 0.934
-0.405 0.822 0.399 1.000 0.000 0.000 1.000 0.569 0.569 0.594 -0.298 -0.531 0.793 -0.405 0.822 0.399
0.713 0.555 0.429 1.000 0.000 0.000 1.000 0.305 0.305 0.902 -0.583 0.809 -0.076 0.713 0.555 0.429
0.125 0.907 -0.402 1.000 0.000 0.000 1.000 0.341 0.341 -0.876 0.926 0.039 0.376 0.125 0.907 -0.402
-0.296 0.947 -0.121 1.000 0.000 0.000 1.000 0.179 0.179 -0.967 0.920 0.317 0.229 -0.296 0.947 -0.121
0.069 0.995 -0.072 1.000 0.000 0.000 1.000 0.067 0.067 -0.995 0.996 -0.065 0.063 0.069 0.995 -0.072
-0.146 0.966 0.216 1.000 0.000 0.000 1.000 0.247 0.247 0.937 -0.931 -0.208 0.300 -0.146 0.966 0.216
0.630 0.765 0.133 1.000 0.000 0.000 1.000 0.095 0.095 0.991 -0.773 0.634 0.013 0.630 0.765 0.133
0.090 -0.441 0.893 1.000 0.000 0.000 1.000 0.681 0.681 -0.267 0.558 -0.720 -0.412 0.090 -0.441 0.893
0.166 0.629 0.760 1.000 0.000 0.000 1.000 0.568 0.568 0.595 0.135 -0.778 0.614 0.166 0.629 0.760
-0.175 0.454 0.874 1.000 0.000 0.000 1.000 0.690 0.690 0.220 0.545 -0.695 0.470 -0.175 0.454 0.874
-0.090 0.441 -0.893 1.000 0.000 0.000 1.000 0.681 0.681 -0.267 -0.558 0.720 0.412 -0.090 0.441 -0.893
-0.181 0.734 0.655 1.000 0.000 0.000 1.000 0.607 0.607 0.513 0.028 -0.661 0.749 -0.181 0.734 0.655
-0.622 0.509 -0.595 1.000 0.000 0.000 1.000 0.701 0.701 0.133 -0.491 0.338 0.803 -0.622 0.509 -0.595
-0.182 -0.306 -0.934 1.000 0.000 0.000 1.000 0.663 0.663 0.347 -0.674 0.731 -0.108 -0.182 -0.306 -0.934
-0.581 0.748 -0.320 1.000 0.000 0.000 1.000 0.663 0.663 -0.346 0.048 0.424 0.904 -0.581 0.748 -0.320
-0.808 0.589 -0.037 1.000 0.000 0.000 1.000 0.163 0.163 0.973 -0.580 -0.782 0.228 -0.808 0.589 -0.037
-0.695 0.618 0.368 1.000 0.000 0.000 1.000 0.699 0.699 -0.147 0.350 -0.156 0.924 -0.695 0.618 0.368
-0.727 0.158 -0.669 1.000 0.000 0.000 1.000 0.606 0.606 0.515 -0.672 0.042 0.740 -0.727 0.158 -0.669
-0.501 0.537 0.679 1.000 0.000 0.000 1.000 0.707 0.707 0.038 0.460 -0.499 0.734 -0.501 0.537 0.679
-0.563 0.824 0.066 1.000 0.000 0.000 1.000 0.238 0.238 0.941 -0.766 -0.550 0.333 -0.563 0.824 0.066
-0.434 0.291 -0.852 1.000 0.000 0.000 1.000 0.702 0.702 0.118 -0.646 0.559 0.520 -0.434 0.291 -0.852
-0.748 -0.214 -0.628 1.000 0.000 0.000 1.000 0.479 0.479 0.735 -0.373 -0.647 0.665 -0.748 -0.214 -0.628
0.433 0.886 -0.166 1.000 0.000 0.000 1.000 0.124 0.124 -0.985 0.901 -0.429 0.059 0.433 0.886 -0.166
-0.841 0.417 -0.345 1.000 0.000 0.000 1.000 0.534 0.534 0.656 -0.513 -0.413 0.753 -0.841 0.417 -0.345
-0.976 0.209 -0.059 1.000 0.000 0.000 1.000 0.076 0.076 0.994 -0.213 -0.973 0.091 -0.976 0.209 -0.059
-0.943 0.024 0.333 1.000 0.000 0.000 1.000 0.323 0.323 -0.890 0.160 0.908 0.387 -0.943 0.024 0.333
-0.897 0.365 0.248 1.000 0.000 0.000 1.000 0.389 0.389 -0.835 0.441 0.718 0.539 -0.897 0.365 0.248
-0.492 -0.091 -0.866 1.000 0.000 0.000 1.000 0.639 0.639 0.430 -0.769 0.511 0.384 -0.492 -0.091 -0.866
-0.758 0.280 0.589 1.000 0.000 0.000 1.000 0.613 0.613 -0.498 0.618 0.020 0.786 -0.758 0.280 0.589
-0.500 0.200 0.842 1.000 0.000 0.000 1.000 0.686 0.686 -0.244 0.687 -0.499 0.527 -0.500 0.200 0.842
-0.171 0.063 -0.983 1.000 0.000 0.000 1.000 0.705 0.705 0.077 -0.706 0.688 0.167 -0.171 0.063 -0.983
-0.713 -0.555 -0.429 1.000 0.000 0.000 1.000 0.305 0.305 0.902 0.583 -0.809 0.076 -0.713 -0.555 -0.429
-0.125 -0.907 0.402 1.000 0.000 0.000 1.000 0.341 0.341 -0.876 -0.926 -0.039 -0.376 -0.125 -0.907 0.402
-0.922 0.056 -0.382 1.000 0.000 0.000 1.000 0.374 0.374 0.849 -0.250 -0.840 0.481 -0.922 0.056 -0.382
-0.322 0.642 -0.696 1.000 0.000 0.000 1.000 0.672 0.672 -0.309 -0.299 0.629 0.718 -0.322 0.642 -0.696
-0.908 -0.289 -0.302 1.000 0.000 0.000 1.000 0.237 0.237 0.942 0.244 -0.953 0.179 -0.908 -0.289 -0.302
-0.166 0.123 0.978 1.000 0.000 0.000 1.000 0.707 0.707 -0.031 0.697 -0.688 0.205 -0.166 0.123 0.978
-0.699 -0.661 0.273 1.000 0.000 0.000 1.000 0.193 0.193 -0.962 -0.686 0.728 0.008 -0.699 -0.661 0.273
-0.771 -0.084 0.631 1.000 0.000 0.000 1.000 0.510 0.510 -0.692 0.541 0.435 0.720 -0.771 -0.084 0.631
-0.858 -0.513 -0.020 1.000 0.000 0.000 1.000 0.014 0.014 1.000 0.513 -0.859 0.005 -0.858 -0.513 -0.020
-0.234 0.863 -0.447 1.000 0.000 0.000 1.000 0.502 0.502 -0.705 0.494 0.502 0.709 -0.234 0.863 -0.447
-0.430 -0.751 -0.501 1.000 0.000 0.000 1.000 0.364 0.364 0.858 0.903 -0.364 -0.228 -0.430 -0.751 -0.501
0.146 -0.966 -0.216 1.000 0.000 0.000 1.000 0.247 0.247 0.937 0.931 0.208 -0.300 0.146 -0.966 -0.216
-0.630 -0.765 -0.133 1.000 0.000 0.000 1.000 0.095 0.095 0.991 0.773 -0.634 -0.013 -0.630 -0.765 -0.133
-0.069 -0.995 0.072 1.000 0.000 0.000 1.000 0.067 0.067 -0.995 -0.996 0.065 -0.063 -0.069 -0.995 0.072
-0.433 -0.886 0.166 1.000 0.000 0.000 1.000 0.124 0.124 -0.985 -0.901 0.429 -0.059 -0.433 -0.886 0.166
-0.340 -0.505 0.793 1.000 0.000 0.000 1.000 0.565 0.565 -0.602 0.483 -0.817 -0.314 -0.340 -0.505 0.793
-0.989 -0.148 0.016 1.000 0.000 0.000 1.000 0.014 0.014 -1.000 -0.148 0.989 0.012 -0.989 -0.148 0.016
-0.431 -0.737 0.521 1.000 0.000 0.000 1.000 0.378 0.378 -0.845 -0.902 0.355 -0.245 -0.431 -0.737 0.521
-0.176 -0.226 0.958 1.000 0.000 0.000 1.000 0.678 0.678 -0.284 0.698 -0.715 -0.040 -0.176 -0.226 0.958
-0.166 -0.629 -0.760 1.000 0.000 0.000 1.000 0.568 0.568 0.595 -0.135 0.778 -0.614 -0.166 -0.629 -0.760
0.181 -0.734 -0.655 1.000 0.000 0.000 1.000 0.607 0.607 0.513 -0.028 0.661 -0.749 0.181 -0.734 -0.655
-0.085 -0.878 -0.471 1.000 0.000 0.000 1.000 0.402 0.402 0.822 0.842 0.190 -0.505 -0.085 -0.878 -0.471
-0.307 -0.932 -0.191 1.000 0.000 0.000 1.000 0.151 0.151 0.977 0.951 -0.293 -0.102 -0.307 -0.932 -0.191
-0.880 -0.342 0.331 1.000 0.000 0.000 1.000 0.253 0.253 -0.934 -0.299 0.938 0.173 -0.880 -0.342 0.331
0.296 -0.947 0.121 1.000 0.000 0.000 1.000 0.179 0.179 -0.967 -0.920 -0.317 -0.229 0.296 -0.947 0.121
0.175 -0.454 -0.874 1.000 0.000 0.000 1.000 0.690 0.690 0.220 -0.545 0.695 -0.470 0.175 -0.454 -0.874
0.234 -0.863 0.447 1.000 0.000 0.000 1.000 0.502 0.502 -0.705 -0.494 -0.502 -0.709 0.234 -0.863 0.447
-0.059 -0.715 0.697 1.000 0.000 0.000 1.000 0.556 0.556 -0.617 -0.104 -0.690 -0.716 -0.059 -0.715 0.697
0.171 -0.063 0.983 1.000 0.000 0.000 1.000 0.705 0.705 0.077 0.706 -0.688 -0.167 0.171 -0.063 0.983
0.166 -0.123 -0.978 1.000 0.000 0.000 1.000 0.707 0.707 -0.031 -0.697 0.688 -0.205 0.166 -0.123 -0.978
0.695 -0.618 -0.368 1.000 0.000 0.000 1.000 0.699 0.699 -0.147 -0.350 0.156 -0.924 0.695 -0.618 -0.368
0.059 0.715 -0.697 1.000 0.000 0.000 1.000 0.556 0.556 -0.617 0.104 0.690 0.716 0.059 0.715 -0.697
0.405 -0.822 -0.399 1.000 0.000 0.000 1.000 0.569 0.569 0.594 0.298 0.531 -0.793 0.405 -0.822 -0.399
0.563 -0.824 -0.066 1.000 0.000 0.000 1.000 0.238 0.238 0.941 0.766 0.550 -0.333 0.563 -0.824 -0.066
0.581 -0.748 0.320 1.000 0.000 0.000 1.000 0.663 0.663 -0.346 -0.048 -0.424 -0.904 0.581 -0.748 0.320
0.622 -0.509 0.595 1.000 0.000 0.000 1.000 0.701 0.701 0.133 0.491 -0.338 -0.803 0.622 -0.509 0.595
0.322 -0.642 0.696 1.000 0.000 0.000 1.000 0.672 0.672 -0.309 0.299 -0.629 -0.718 0.322 -0.642 0.696
-0.659 -0.444 0.607 1.000 0.000 0.000 1.000 0.434 0.434 -0.789 -0.302 0.896 0.326 -0.659 -0.444 0.607
0.434 -0.291 0.852 1.000 0.000 0.000 1.000 0.702 0.702 0.118 0.646 -0.559 -0.520 0.434 -0.291 0.852
0.500 -0.200 -0.842 1.000 0.000 0.000 1.000 0.686 0.686 -0.244 -0.687 0.499 -0.527 0.500 -0.200 -0.842
0.758 -0.280 -0.589 1.000 0.000 0.000 1.000 0.613 0.613 -0.498 -0.618 -0.020 -0.786 0.758 -0.280 -0.589
0.501 -0.537 -0.679 1.000 0.000 0.000 1.000 0.707 0.707 0.038 -0.460 0.499 -0.734 0.501 -0.537 -0.679
0.897 -0.365 -0.248 1.000 0.000 0.000 1.000 0.389 0.389 -0.835 -0.441 -0.718 -0.539 0.897 -0.365 -0.248
0.176 0.226 -0.958 1.000 0.000 0.000 1.000 0.678 0.678 -0.284 -0.698 0.715 0.040 0.176 0.226 -0.958
0.808 -0.589 0.037 1.000 0.000 0.000 1.000 0.163 0.163 0.973 0.580 0.782 -0.228 0.808 -0.589 0.037
0.976 -0.209 0.059 1.000 0.000 0.000 1.000 0.076 0.076 0.994 0.213 0.973 -0.091 0.976 -0.209 0.059
0.085 0.878 0.471 1.000 0.000 0.000 1.000 0.402 0.402 0.822 -0.842 -0.190 0.505 0.085 0.878 0.471
0.727 -0.158 0.669 1.000 0.000 0.000 1.000 0.606 0.606 0.515 0.672 -0.042 -0.740 0.727 -0.158 0.669
0.492 0.091 0.866 1.000 0.000 0.000 1.000 0.639 0.639 0.430 0.769 -0.511 -0.384 0.492 0.091 0.866
